Método da Bissecção
Iter	   a		   b		   meio		 f(meio)
1	0.000000	1.000000	0.500000	-1.375000
2	0.000000	0.500000	0.250000	0.765625
3	0.250000	0.500000	0.375000	-0.322266
4	0.250000	0.375000	0.312500	0.218018
5	0.312500	0.375000	0.343750	-0.053131
6	0.312500	0.343750	0.328125	0.082203
7	0.328125	0.343750	0.335938	0.014474
8	0.335938	0.343750	0.339844	-0.019344
9	0.335938	0.339844	0.337891	-0.002439
10	0.335938	0.337891	0.336914	0.006017
11	0.336914	0.337891	0.337402	0.001789
12	0.337402	0.337891	0.337646	-0.000325
13	0.337402	0.337646	0.337524	0.000732
14	0.337524	0.337646	0.337585	0.000204
15	0.337585	0.337646	0.337616	-0.000061
16	0.337585	0.337616	0.337601	0.000071
17	0.337601	0.337616	0.337608	0.000005
k = 17
Raiz = 0.337608

Método Iterativo Linear (Ponto Fixo)
Iter	   x_k		   x_k+1		   |x_k+1 - x_k|
1	0.500000	0.347222	0.152778
2	0.347222	0.337985	0.009238
3	0.337985	0.337623	0.000361
k = 3
Raiz aproximada: 0.337623

Método de Newton-Raphson
Iter	     x		    f(x)	   |Δx|
1	0.500000	-1.375000	0.166667
2	0.333333	0.037037	0.004274
3	0.337607	0.000018	0.000002
k =  3
Raiz: 0.337609

Método da Secante
Iter	    x0		    x1		   f(x1)	    novo x
1	0.000000	1.000000	-5.000000	0.375000
2	1.000000	0.375000	-0.322266	0.331942
3	0.375000	0.331942	0.049101	0.337635
4	0.331942	0.337635	-0.000222	0.337609
k = 4
Raiz = 0.337609

Método Regula Falsi (Falsa Posição)
Iter	    a		    b		    c		   f(c)
1	0.000000	1.000000	0.375000	-0.322266
2	0.000000	0.375000	0.338624	-0.008790
3	0.000000	0.338624	0.337635	-0.000226
4	0.000000	0.337635	0.337610	-0.000006
5	0.000000	0.337610	0.337609	-0.000000
6	0.000000	0.337609	0.337609	-0.000000
Raiz = 0.337609

